Labeled class: 0
0000000000000000000000000000
0000000000000000000000000000
0000000000000000000000000000
0000000000000000000000000000
0000000000000000000000000000
0000000000000001111000000000
0000000000000111111110000000
0000000000001111111111000000
0000000000011111111111000000
0000000000111110000111100000
0000000001111100000011100000
0000000001111000000011100000
0000000011110000000011100000
0000000111100000000011100000
0000000111000000000011100000
0000001111000000000111000000
0000001110000000000111000000
0000001110000000001111000000
0000001110000000011110000000
0000001110000001111100000000
0000001111100111111000000000
0000000111111111110000000000
0000000111111111000000000000
0000000001111100000000000000
0000000000000000000000000000
0000000000000000000000000000
0000000000000000000000000000
0000000000000000000000000000
Labeled class: 1
0000000000000000000000000000
0000000000000000000000000000
0000000000000000000000000000
0000000000000000000000000000
0000000000000000000000000000
0000000000000000000000000000
0000000000000000000000000000
0000000000000001100000000000
0000000000000011100000000000
0000000000000011100000000000
0000000000000011100000000000
0000000000000011100000000000
0000000000000111000000000000
0000000000000111000000000000
0000000000000111000000000000
0000000000000111000000000000
0000000000000111000000000000
0000000000001110000000000000
0000000000001110000000000000
0000000000001110000000000000
0000000000001110000000000000
0000000000001100000000000000
0000000000000000000000000000
0000000000000000000000000000
0000000000000000000000000000
0000000000000000000000000000
0000000000000000000000000000
0000000000000000000000000000
Labeled class: 2
0000000000000000000000000000
0000000000000000000000000000
0000000000000000000000000000
0000000000000000000000000000
0000000000000111100000000000
0000000000011111110000000000
0000000000011111111000000000
0000000000000000111000000000
0000000000000000011000000000
0000000000000000011100000000
0000000000000000011100000000
0000000000000000011000000000
0000000000000000011000000000
0000000000000000111000000000
0000000000000001110000000000
0000000000001111110000000000
0000000000111111110000000000
0000000001111111110000000000
0000000011111111111000000000
0000000111111111111100000000
0000000111111111110000000000
0000000111111000000000000000
0000000000000000000000000000
0000000000000000000000000000
0000000000000000000000000000
0000000000000000000000000000
0000000000000000000000000000
0000000000000000000000000000
Labeled class: 3
0000000000000000000000000000
0000000000000000000000000000
0000000000000000000000000000
0000000000000000000000000000
0000000000000000000000000000
0000000000011111100000000000
0000000001111111110000000000
0000000001111111110000000000
0000000000000000000000000000
0000000000000000000000000000
0000000000000000100000000000
0000000000000111100000000000
0000000000011111110000000000
0000000000111111110000000000
0000000000011111111000000000
0000000000000000011100000000
0000000000000000001110000000
0000000000000000001110000000
0000000000000000001110000000
0000000000000000001110000000
0000000000000000011100000000
0000000001110011111100000000
0000000001111111110000000000
0000000000111111100000000000
0000000000000000000000000000
0000000000000000000000000000
0000000000000000000000000000
0000000000000000000000000000
Labeled class: 4
0000000000000000000000000000
0000000000000000000000000000
0000000000000000000000000000
0000000000000000000000000000
0000000000000000000000000000
0000000000000000000000000000
0000000000111100000000000000
0000000001111000000000000000
0000000011110000000000000000
0000000111100000000000000000
0000000111000000000010000000
0000000111000000000010000000
0000001110000000000011000000
0000001110000000000011000000
0000001110000000000001100000
0000001110000000000001100000
0000000110000000000001100000
0000000111000000000011100000
0000000011000000000011100000
0000000001100000000111000000
0000000000110000011110000000
0000000000001111111100000000
0000000000000000000000000000
0000000000000000000000000000
0000000000000000000000000000
0000000000000000000000000000
0000000000000000000000000000
0000000000000000000000000000
Labeled class: 5
0000000000000000000000000000
0000000000000000000000000000
0000000000000000000000000000
0000000000000000000000000000
0000000000000000000000000000
0000000000000000000000000000
0000000000000000000000000000
0000000000000000011111000000
0000000000000011011111000000
0000000000000110000110000000
0000000000001100000000000000
0000000000011000000000000000
0000000000011000000000000000
0000000000111000110000000000
0000000000111111100000000000
0000000000011111100000000000
0000000000001111100000000000
0000000000000111000000000000
0000000000000011000000000000
0000000000000111000000000000
0000000000011110000000000000
0000000011111100000000000000
0000000001111000000000000000
0000000000000000000000000000
0000000000000000000000000000
0000000000000000000000000000
0000000000000000000000000000
0000000000000000000000000000
Labeled class: 6
0000000000000000000000000000
0000000000000000000000000000
0000000000000000000000000000
0000000000000000000000000000
0000000000000000000000000000
0000000000000011100000000000
0000000000000111000000000000
0000000000000110000000000000
0000000000001110000000000000
0000000000011100000000000000
0000000000011100000000000000
0000000000111000000000000000
0000000000111000000000000000
0000000001110000111000000000
0000000001110001111100000000
0000000001110011111110000000
0000000001111111001110000000
0000000001111100001110000000
0000000001111100011100000000
0000000001111111111000000000
0000000000111111110000000000
0000000000011111100000000000
0000000000000000000000000000
0000000000000000000000000000
0000000000000000000000000000
0000000000000000000000000000
0000000000000000000000000000
0000000000000000000000000000
Labeled class: 7
0000000000000000000000000000
0000000000000000000000000000
0000000000000000000000000000
0000000000000000000000000000
0000000000000000000000000000
0000000000000000000000000000
0000000000000000000000000000
0000000000000011111000000000
0000000000011111111100000000
0000000000111110111100000000
0000000000111000011100000000
0000000001100000011100000000
0000000000000000111100000000
0000000000000000111000000000
0000000000000001111000000000
0000000000000001110000000000
0000000000000011110000000000
0000000000000011100000000000
0000000000000011100000000000
0000000000000111000000000000
0000000000000111000000000000
0000000000001110000000000000
0000000000001110000000000000
0000000000011100000000000000
0000000000011100000000000000
0000000000000000000000000000
0000000000000000000000000000
0000000000000000000000000000
Labeled class: 8
0000000000000000000000000000
0000000000000000000000000000
0000000000000000000000000000
0000000000000000000000000000
0000000000000000000000000000
0000000000000011110000000000
0000000000001111111100000000
0000000000011111111100000000
0000000000111100001100000000
0000000000111000001000000000
0000000000110000001000000000
0000000000110000011000000000
0000000000111000110000000000
0000000000011111100000000000
0000000000011111100000000000
0000000000011111100000000000
0000000000001111110000000000
0000000000000000110000000000
0000000000000000110000000000
0000000000000000110000000000
0000000000000001110000000000
0000000000100011110000000000
0000000000111111100000000000
0000000000111111000000000000
0000000000001100000000000000
0000000000000000000000000000
0000000000000000000000000000
0000000000000000000000000000
Labeled class: 9
0000000000000000000000000000
0000000000000000000000000000
0000000000000000000000000000
0000000000000000000000000000
0000000000000000000000000000
0000000000000000000000000000
0000000000000000000000000000
0000000000000000000000000000
0000000000111000110000000000
0000000001110000111000000000
0000000011100000011000000000
0000000011000000011000000000
0000000011000000011000000000
0000000011000000111000000000
0000000011000001111000000000
0000000001100111111000000000
0000000000010001111000000000
0000000000000000111000000000
0000000000000000110000000000
0000000000000000110000000000
0000000000000000110000000000
0000000000000001110000000000
0000000000000001100000000000
0000000000000001100000000000
0000000000000000000000000000
0000000000000000000000000000
0000000000000000000000000000
0000000000000000000000000000
Accuracy: 0.585
